https://hihocoder.com/problemset/problem/1119
#1119 : 小Hi小Ho的惊天大作战：扫雷·二

Sample Input: 
2
7 10
  0  0 -1  1 -1  1 -1  0 -1  0
 -1 -1  0  1 -1 -1  0 -1  0 -1
 -1 -1 -1 -1 -1  1  0  0  0  0
  1 -1  0  0 -1  0 -1 -1 -1  0
 -1 -1  0 -1 -1 -1 -1  0 -1 -1
  0  0  0  0  0 -1 -1  1 -1  0
 -1 -1  0  0 -1 -1  1 -1  1  0
8 8
 -1 -1 -1  2  3  2  1 -1
  2 -1 -1 -1 -1 -1  1  0
 -1 -1  1 -1  3 -1 -1 -1
 -1 -1 -1 -1 -1 -1 -1  1
 -1  2 -1 -1 -1 -1 -1 -1
  0 -1 -1  2 -1  2 -1  2
  1 -1  3 -1  1  1 -1 -1
 -1 -1  2  1  1 -1 -1 -1

Sample Output: 
1 32
4 6